7.945391264199089809e-01
-4.743710053380550962e-02
1.318734954948964866e+00
6.471113689613926745e+00
-3.086486415096667546e-01
1.024719225809686440e+00
3.960920939497695747e-01
1.140192731512210539e-01
-1.514062261527262088e+00
2.652970893011121212e-01
2.175245338456885946e-01
-1.815082215764096674e-03
-6.565006027003507105e-01
-3.669062234884851836e+00
-1.251811232314519184e-01
-9.948460669767625331e-02
-3.829012713168427062e-01
-8.548700392301522566e-01
-3.998231196942683585e+00
-2.826568147485428728e+00
-7.622999823649720952e-01
-1.588176596019198472e+00
-3.704511867612865217e-01
-1.192692620402986958e-01
8.546206902695523411e-01
9.708351894247975178e-01
9.209982865105970085e-02
1.244439507415843860e+00
-8.730207958037384808e-01
1.559216655506546090e+00
5.651041966796626070e-01
-8.155033076045717366e-02
-5.766927752705371724e+00
2.018893657561793287e+00
-1.452061974735395111e+00
-1.127292011932653715e+00
-1.979707289382188762e-01
-5.253855225623611513e-01
-2.412879334397123876e-01
1.302812465225264560e-01
4.416104302466091203e-01
7.395131604816391757e-01
5.977292733973146310e-01
5.174389480104059080e-01
-4.117804594016025166e-01
-1.559727561042808297e+00
-3.872058033939501875e+00
5.117219788247224788e-01
5.372103704636718713e-02
-2.584165980735063095e-01
1.190485735537943679e+00
3.313628611401241986e-01
-2.180150555914320554e-01
-4.700676396007964497e-01
6.885257000153506279e-01
-1.052623584373245214e+00
-7.060995832429349806e-01
1.069632228260172235e+00
1.846593847265610711e-01
-8.355222752707097689e-01
4.854744242693798673e-01
-7.078691633821638796e-01
-9.431173771849987730e-04
5.846623036764381220e-01
-3.187219869070479383e+00
-4.315835882346396590e-01
1.455868089544429145e+00
-1.294776635259286435e+00
-5.688884829276326105e-01
-4.491695512952078029e-01
-5.443894384337610859e-01
2.726893081558519338e-02
-3.903098622627005909e-01
-1.870808781116153341e+00
1.105948375867676914e+00
-9.133685535924633836e-01
-7.415320274674431777e-01
-1.156844522611156917e-01
3.363365172116984658e-02
1.500322414836397500e-01
3.515220281495222920e+00
1.466327116615423753e-01
-5.340733283270804321e-01
1.154223321131157443e+00
3.267174795906130580e+00
-2.594275855353039284e-01
-7.280177372496410282e-01
-7.255055638707657018e-01
1.613376678298880651e-01
-1.466527213016893816e-01
-9.189349164292249794e-01
-2.959934386695447728e+00
-2.030126019439475016e+00
-9.218384272603644680e-01
-1.853613370843069541e+00
-1.257324193423264624e+00
-7.526390387613337563e-01
1.541603218531711061e-01
-8.483075471316974259e-01
-7.322128696619080168e-01
-9.942679093074391350e-01
8.278015220889339831e-01
1.493583588507381599e+00
-2.071640941777392886e+00
9.424181254473182889e-01
1.495756407485911099e+00
