4.124213653924612144e-01
-1.321010530592185879e-02
3.816666419510379993e-01
3.981214697230975319e-01
2.676435740256946083e-01
4.101886848118403983e-01
1.077987638216236777e-01
5.529286210620140696e-02
-1.431026723585772202e-02
-1.307389075314812354e-01
2.414260567438911431e-01
5.015524375634641124e-02
2.087315439620509097e-02
-2.073988347200621599e-02
-1.407168607102873004e-01
-1.217552041528273399e-01
-1.558930228523252026e-01
-8.485895116083917722e-02
-6.132807417777993986e-02
-8.313005115514265908e-02
-1.054795095019215312e-01
-9.675420907641268942e-02
4.885610613277510672e-03
1.514722123054520683e-02
3.235007103788516414e-01
2.424765900015504461e-01
-2.378348722766534251e-01
3.074627940674889426e-01
-4.125833056553902811e-02
2.927180832683261014e-01
-1.112131202769740673e-01
-2.206078772263236343e-01
2.385345205250737760e-02
7.880587930596000268e-01
-7.397015316782543093e-02
-5.670764152925419355e-01
-1.303196711297339994e-01
-1.155509639696781082e-01
-1.638498606965509974e-01
-9.458427513152768695e-03
-1.927224096335762235e-02
3.868402130693627816e-01
-9.599945981258693750e-02
-1.634814530270715105e-01
-1.236033483343355610e-01
-2.756301028348144277e-01
-6.855147573679831741e-02
3.422033473991789032e-01
4.797062758198459426e-02
4.021518114342732125e-02
3.219675793211630027e-02
-3.566296656046685082e-02
-1.413608248024668945e-01
7.094167319469303346e-01
-3.369286920496731841e-01
-1.505605003187508728e-01
-4.040428152476715495e-01
-2.482779272937931381e-01
2.237875149337973379e-01
-4.933108967359114277e-02
2.119876587917658359e-02
-1.576915904034763560e-01
-5.418168043156321168e-02
1.491031433377471016e-01
1.739622411639278610e-02
1.541662458038024590e-02
9.423584997202790652e-04
-3.496922273078863219e-02
2.705367083906264070e-03
-4.288861247247636316e-02
-1.638751214574192885e-02
-3.379990425876640975e-02
1.834714105026491113e-02
3.294488273966331843e-02
2.000174545488307698e-02
-4.281970777313383000e-04
-3.248357045562396545e-02
-2.477343280691985880e-02
-4.524886877828039090e-03
-1.325161956654637672e-02
3.741051965371728315e-03
-5.387767848170545854e-03
3.344600878996031867e-02
3.034829431283264656e-02
-6.978996180284237523e-03
1.158310656200392183e-02
-2.233136841709450204e-02
2.829334326536894414e-02
-1.518872875425027712e-02
-1.132898072134964351e-01
-2.722384303618456680e-02
-2.170548420120917144e-02
-2.148516792829200175e-02
1.145909918437072565e-02
-5.360644368291420277e-03
-2.560309966547838489e-02
-3.610773840589381195e-02
-2.802403918877225905e-04
-1.906629387958927533e-03
2.554580719428160493e-02
-7.671843730611877660e-03
-1.148838390617840273e-02
6.314964822785118503e-02
-2.513712415171090106e-02
1.739504848053345307e-02
1.496199260053349828e-02
