-1.382610102062345470e-01
5.410650333765555479e-03
-1.245656601470256641e-01
-1.247809069617143579e-01
-8.524627135832094083e-02
-1.251848913335701086e-01
-3.381414265340706299e-02
-1.769889315449951761e-02
7.696724966090857760e-03
5.306861950953592477e-02
-7.951010011436367153e-02
-1.965443334374544770e-02
-1.566830662094081603e-02
5.296650444095092267e-03
3.579113817344589665e-02
4.322935347021176350e-02
4.193525941077138469e-02
1.950167535113742773e-02
2.318975161126753115e-02
2.228480184174837925e-02
3.518338120613336700e-02
3.821618081126221950e-02
-4.411691214555960049e-04
-3.832674319720971810e-03
-1.023092153059695503e-01
-7.197098203272583872e-02
6.986314670530212323e-02
-1.014250396593062570e-01
6.792526760058619460e-03
-8.458458494894413593e-02
4.038126550852121077e-02
7.664871351880134243e-02
-6.280717227186767559e-03
-2.499323262195050077e-01
2.600963266833088497e-02
1.742774398423503623e-01
4.430255016523595296e-02
3.370499125426008186e-02
5.190556505401681259e-02
-2.124849000874780985e-03
8.282668831734030582e-03
-1.190638580621763698e-01
3.080489421078470499e-02
4.683515267139230775e-02
3.611489051540283518e-02
9.295251598385720349e-02
1.463518958642213985e-02
-1.023959109849686688e-01
-1.551656645613523622e-02
-1.370143042008139384e-02
-1.995438966128110919e-02
1.449754406225618047e-02
3.620423919437788796e-02
-2.265701048550141095e-01
1.020754286826517920e-01
4.540376116008051910e-02
1.278524476736652982e-01
8.662360202389135511e-02
-6.646864846850793207e-02
1.707758856900425115e-02
-1.404810890673708875e-03
4.879703997307494046e-02
1.793203399153714406e-02
-4.948434592124382331e-02
-5.158474606201368315e-03
-4.313586103438181094e-03
-7.688518737567151540e-03
8.967334003767550923e-03
1.004079497149981291e-03
1.384131655373182709e-02
2.248759810560820634e-03
1.555214940614049225e-02
-3.363503289521311331e-03
-5.318673827525057483e-03
-4.697105622077342793e-03
-1.852629768533255649e-03
1.372891969453717519e-02
3.286942157409232946e-03
5.415942777032811337e-03
4.216118800085223370e-03
-4.820929901552660490e-03
3.082870811427317406e-03
-1.355696616007296372e-02
-4.993008046227311210e-03
-1.376122356047660344e-03
-6.598170557735522253e-03
1.329113410715155284e-02
-8.171099352975790334e-03
7.320341539549279561e-03
4.073155930539053976e-02
1.093472205749754407e-02
3.173795005157040248e-03
8.888594779760061737e-03
-6.547590872842919303e-03
2.559208993155995693e-03
6.110523531192547063e-04
3.117891021487848632e-03
-3.382194194607520896e-03
2.463163442029302468e-03
5.097748516389716397e-04
6.255039274567990954e-04
5.186082035566511386e-03
-2.543085727424864231e-02
1.700983088868336657e-02
-9.727515292378775867e-04
1.681767299434494371e-03
